Control_1	Control_2	Control_3	Control_4	Du_1	Du_2	Du_3	Du_4
D9R1A4	19.1755787878367	20.5849955210122	NA	19.0317119703667	NA	22.0411631506573	22.2538717161675	22.6780748288147
D9QZ43	18.6531949633098	18.9566257211791	17.8207773014191	19.5242241316904	19.2286543115795	19.0478800890544	19.6187188632689	19.2038068024878
D9QZ44	20.6074748072187	18.2052396112667	18.195083793373	22.1140066250491	21.6692985893071	21.1119710761528	21.278326941551	20.9313521488361
D9QZ45	NA	20.5126787445497	NA	20.9353147085571	20.9464237195234	21.7923724931859	21.3151208092784	21.8276466247212
D9QZ48	14.4807271007376	16.3001380278674	NA	17.5297050598154	NA	NA	18.2582899816441	18.5944120868222
D9QZ49	17.7715926333636	18.2851854515204	17.1566953962928	18.0463886559828	17.9080641863678	18.7053286443258	18.8985895790214	18.7447812908316
D9QZ50	18.079318104254	17.3957349420659	NA	19.0718237033591	21.6256464228969	22.7859233489857	22.4760292262595	22.506832486614
D9QZ62	NA	NA	NA	16.2386846224811	18.8754074002354	18.7099790247805	18.4627977979864	19.0494497541838
D9QZ71	18.498257101505	18.7080263428719	18.5204882403947	18.984373952468	20.5439682527522	20.2787806549098	21.2318680429898	21.0425998817129
D9QZ73	NA	NA	NA	NA	19.8275380890397	20.5398100825869	21.05920184905	21.5028570491448
D9QZB4	18.7544699952756	18.6634121707238	16.5062920828321	19.0959687043486	20.9649387077848	21.3188208081577	22.9762249730286	21.7495601274905
D9QZE9	NA	NA	NA	NA	17.975165051329	18.1762608210287	19.7173116070527	19.1643275488161
D9QZM3	NA	NA	17.3807654275652	19.480399723329	21.0925532773077	21.8908194092144	21.5753785921189	20.8494203732992
D9QZM4	NA	19.2264686410417	NA	20.3681568629843	21.2394633448367	22.3505140810525	23.4734550617965	21.8526620860309
D9QZN1	20.6109022806378	21.1214879872252	20.5745935273376	21.7895495644517	22.1962551168668	23.2513165482977	22.9928609078025	22.8670094582475
D9QZN2	19.5822779925452	19.5379918456723	19.1172068019709	20.1265381194176	23.1889714989449	23.0774905283829	24.0727560943292	23.4196979168742
D9QZN3	17.9894277637653	17.8940953825311	18.1321482508036	20.2340923470598	20.8369194689051	22.4637358896047	21.8236098085851	21.6892745868055
D9QZN4	20.9794558987207	21.3332536410466	NA	20.5136427907205	22.4403774955588	22.2951601959409	22.3335266357379	21.8151111886375
D9QZN5	NA	NA	NA	19.3290210807218	20.985236018363	22.0118168994163	22.698841988071	21.742875180794
D9QZN7	NA	19.1826756173755	NA	NA	21.2592559335002	21.99095846013	20.8951906544336	21.2463230916053
D9QZP2	NA	NA	NA	21.0849848115794	22.9832190895419	24.4645711757913	24.340823716009	23.5183333126793
D9QZP3	21.0421990774206	19.2780319513326	20.1866462513296	20.5544052357065	20.7938414105107	21.0219477967195	20.8150329874265	21.5461370812884
D9QZP4	22.0857304825798	21.8346839868418	21.3002251855271	22.7815077986215	23.9528706139903	24.8182162586546	25.3887031636422	24.959828286829
D9QZP5	NA	NA	NA	19.7563934368118	21.3792535508152	21.8314788975725	21.3778777411796	19.8209019241498
D9QZP6	20.0574841187989	19.5945943258222	19.4643542972063	21.0167892486167	22.2547368487438	23.1858602556464	22.9568277512611	22.2813301372768
D9QZP7	21.3504601253316	20.8831563641389	20.4976530598396	22.2733266544029	22.6907030928483	22.0283701511733	22.7723741823293	22.6895092147188
D9QZP9	17.3168118368582	18.4586389048368	16.6834607077285	20.3214657314393	21.2585660338899	20.289852292177	20.0081276644558	20.7341340466321
D9QZQ1	20.232453718734	19.9845408441382	16.9804743226132	20.3415839723812	21.9389076153323	22.8735762830121	23.0435346589277	22.5617177253151
D9QZQ2	18.1157853774164	NA	NA	20.5535618009903	19.8601170269398	21.3993697258126	20.9317128316153	20.896521622225
D9QZQ5	21.3798352293881	21.679084871189	21.4485922413888	22.2660796394533	23.3673304931708	23.5605754027514	24.3410952821352	24.099167354356
D9QZQ6	18.1075848963146	18.085451711577	17.9920863955294	18.5686686933805	20.7741049738254	22.6329845506411	21.6905539121007	21.7617427497566
D9QZQ7	NA	18.6697916453836	NA	20.175359494389	20.2428391608108	23.0357542415247	20.6781393207366	21.216260363432
D9QZQ8	19.1695238056851	20.1266641465014	19.1896170716294	21.0897763169499	22.8379397012089	24.4094401425699	24.0695638371137	22.4725877224577
D9QZQ9	19.0242360806911	NA	NA	20.2163195788584	20.8955604908941	21.6917895157907	21.1874318190272	20.9215068336165
D9QZR0	21.3897930654238	22.09448753087	20.9926534899255	22.7850053882122	24.1593866443382	24.9633607344442	24.9189349167257	23.7293079013517
D9QZR1	20.670033786664	20.1399609691148	20.188820622564	19.0336488351541	22.263646304978	22.9117218596431	22.4291809349425	21.6613170936341
D9QZR2	22.0305607253741	21.8730505331932	22.1083381252224	22.0558305241369	24.202247006036	24.0852117957294	24.9822443896413	24.4097638272633
D9QZS4	23.2344286208673	23.2182131903406	22.6670907466207	24.0862651831519	25.1939641406218	25.4545658820582	26.1730846438676	25.6906711268438
D9QZS5	20.7350436122418	20.9947263279845	20.8246977553414	21.6327627306495	22.9928090561288	23.6677404629302	23.9699169504118	23.4590142971042
D9QZS6	21.0742434005113	20.49843242108	20.697866893309	21.3736362327307	22.4727364462392	22.8642912022994	23.0149181147487	22.788653820546
D9QZS7	23.0187088897529	22.573207075899	22.79685396307	23.000204988756	23.8940250495075	24.6039373339102	24.733968609439	24.3515118980805
D9QZS8	18.2572773379214	18.5535618009903	17.8563525749687	19.0982068971271	20.2218750047491	20.8977775208984	21.532551880695	21.206337135124
D9QZS9	17.0639216699869	16.7481928495895	17.7545352386918	18.5765138711968	20.5111349294844	20.4231651637346	21.7461600069874	20.7794853239282
D9QZT0	21.7026935224525	22.332461664193	21.2190999658562	22.6114427170708	22.1551764643174	22.287994128411	22.9632107812738	22.7886936431982
D9QZT2	21.2896834670594	21.7029893688682	21.31528668396	22.1394926477929	22.815951584052	23.1630316992304	23.1309582360117	23.0716600638456
D9QZT3	17.0695966140909	18.5776943520162	17.7673956524164	19.0350729231249	20.4961906217612	21.688719860005	21.9529772262629	21.4385258863841
D9QZU2	NA	NA	NA	NA	18.4733807388531	19.1665112760056	21.2304614503783	19.6363874274642
D9QZU3	NA	NA	NA	NA	18.6850704190287	19.3943538318738	20.508525989615	19.8167211912338
D9QZU5	NA	15.7813597135247	NA	16.627419886998	18.1727009572007	21.3134056532302	21.7256308670811	21.0088115682566
D9QZU9	18.8230810811328	19.4183344202961	18.4134048043772	19.3493373885964	21.1998232885693	22.1078594235797	21.6974851550156	22.0447022793549
D9QZV0	16.9121642521725	17.301442607355	17.6394820315735	18.247807011935	19.2074576565008	18.8127476410442	19.3497909066921	18.867495938552
D9QZV8	NA	NA	NA	NA	17.0357441751219	NA	20.577546844727	19.2523189444831
D9QZW6	18.5886414450569	19.8652016333372	19.6485682405544	20.1171814316665	20.0642112118638	19.5778602796911	20.3293715311867	NA
D9QZX6	NA	NA	NA	NA	NA	17.3425608565451	17.6024089052057	17.4838472603146
D9QZX7	19.6118749205015	20.2190408644432	19.6063003786788	20.6046726669143	22.3043814042366	22.2952442911314	23.2236287906346	22.2881913198801
D9QZX8	20.6184500297564	18.8903592880548	20.259600759628	20.3722019044857	23.3059125583627	23.5569559660399	25.0171631843496	23.9456560103883
D9QZX9	20.5680191860032	20.5176847646617	20.0896470258228	20.8769515361485	22.05824413636	21.2169707881864	22.3160605137388	22.0652636018372
D9QZY0	NA	19.8990618389514	18.3755570601282	20.208958268135	20.9131290016202	21.5594088343682	21.8279179282074	21.6021370149437
D9QZY1	18.112785640387	20.607294188121	19.0867219521155	20.6490421098445	21.2058600534263	21.5532805464732	20.756702903943	NA
D9QZY2	20.134205695514	20.9066851190364	20.5711712005837	21.653815987076	21.2409194066474	21.5232001190079	22.0411965792628	21.9528350748152
D9QZY3	20.6278295234479	20.9246994407534	20.6066618431445	21.6984181148041	21.2263510380222	22.0442353445771	21.9104597471936	22.6329623701767
D9QZY4	23.2846095050618	23.8938399462174	23.2426211355364	24.173332498493	25.1259708612627	25.5974160905797	26.1109203729438	25.8563098269712
D9QZY5	22.6652049129842	23.0560786841954	22.9298182402355	23.6573097258281	24.4651942087259	24.8501456238278	25.5088161049173	24.8679709470492
D9QZY7	NA	NA	NA	19.5287898377245	19.9068025378039	19.3968848581056	19.7927934710323	19.1010061781217
D9QZY8	NA	NA	NA	NA	17.7314516255788	17.8933252342516	18.6147889118497	18.2183078057027
D9QZZ2	NA	NA	17.522290339334	18.3001916639735	21.1824089028858	20.9317849573516	22.5437795047908	22.2025758390468
D9R007	17.0619196095716	16.4148173446888	16.3140875336159	NA	17.6342438415775	17.9086506239357	21.1577687980224	20.7992278584733
D9R009	19.3203642692993	18.8674657740014	19.8130922400459	21.1082104869811	23.1434685416243	23.48209989616	24.3060516736456	23.7783627287975
D9R010	NA	NA	NA	16.2845530273448	17.7858994096012	16.4217361265575	21.2053231478701	NA
D9R012	NA	NA	NA	NA	14.9599566660768	15.7850948152859	16.4261664572691	15.8461514612322
D9R023	18.6301248965019	17.5845368381988	17.3919651593071	21.1707221691685	22.0634872481867	20.3029601532484	22.0029880258141	21.1413962072765
D9R032	18.7449454928146	18.5229799091906	19.4066326939216	19.895974595205	20.4753613748601	20.7564585933036	21.1871297282245	20.7366133306946
D9R042	24.2832675616181	24.5246234909941	24.3554156239226	25.0914802606442	25.63075926085	25.65099846285	26.4839610117044	26.244397082259
D9R045	18.8768466472001	19.1177141143894	18.6037494810776	18.4738959658556	19.6715203350087	20.7422995664749	20.0668407488004	20.4296151469846
D9R049	NA	18.6089550314868	18.1594574799498	17.7856440314457	23.5399047196718	23.5204930361978	24.0958721524178	23.862967975623
D9R050	18.6149326602659	17.8073800804432	17.7945554785193	18.5961970371693	20.6706389621207	21.078679855994	23.2074695722637	21.4853222579289
D9R054	NA	NA	NA	15.8549657540996	16.5342268787331	NA	17.0814002160902	16.758249244642
D9R062	NA	17.4533831793853	18.4033699225794	NA	NA	18.4906393820969	19.0143256503558	19.4618590959906
D9R077	NA	NA	NA	NA	17.4494388579437	19.3384317273007	18.1343561251102	NA
D9R079	16.9516262216654	16.9631896101589	17.0420654512416	17.4358330106734	19.5176847646617	20.1878546399093	20.9633871951505	19.256978011654
D9R080	NA	NA	NA	NA	16.2687430103822	19.2068855841103	19.6488666208477	18.2074338246796
D9R083	18.959005752031	16.240381417387	17.8733960475143	16.8713518033135	18.5694848022938	19.60492598717	21.6838033499438	18.8721939017561
D9R087	20.7946347975968	20.5436851215491	20.0554995776438	21.1446358399426	24.3957140260154	24.2891909475937	24.8620220701073	23.9187074950248
D9R088	NA	14.3293058282086	NA	14.115693952197	16.2367056166277	16.089781488354	17.4149329300375	16.6957448456801
D9R095	19.514086035729	20.3209151054867	19.4007043574971	20.5419851664731	21.5084776313922	21.5662083006301	22.5495017359737	21.713767424964
D9R096	NA	NA	NA	NA	16.996451420909	17.2949975980048	17.9035406147844	NA
D9R0B1	NA	NA	NA	NA	17.3526814316566	19.2912696437381	18.9157276899971	18.5143750352106
D9R0C6	19.0429738652833	19.1449469600492	18.5564461806274	20.0525839702855	21.5916757357948	22.2473376553142	22.9497932333999	22.1909917216056
D9R0C7	NA	NA	NA	NA	16.5647895796267	17.7276678970276	19.1088868410194	17.99810557172
D9R0C8	NA	NA	NA	16.3498859114691	19.9970030152728	18.8803189111486	21.2222878520951	19.6594454701721
D9R0D0	16.563613382489	NA	NA	17.8703888028333	18.2733949568202	18.0246419058888	18.9702014048656	17.0468682133497
D9R0D7	17.4437853405	17.3940606990546	17.0117077242646	17.4712782916611	18.2841463225022	18.2218042190544	NA	NA
D9R0D9	NA	18.4237806917426	NA	18.98270397307	18.1197415820187	18.3866287635799	18.4163769660895	18.3992862703234
D9R0E1	24.5677291329169	24.8963368389982	24.3588395044978	24.9183890444035	26.2003772125695	26.4848215424035	27.1495747196086	26.9575939678671
D9R0E2	17.5275686377439	18.0888710356431	17.9970581631118	19.789406282795	20.0585414255819	21.5831599141218	22.3943800015509	21.827801661532
D9R0E3	NA	NA	NA	17.7195358853383	16.9845964704049	NA	17.1932558310214	16.238796560542
D9R0G2	NA	17.7289302428116	NA	17.4796697592578	20.714480312205	21.4292064804453	22.0681537221718	21.8286928000153
D9R0G4	17.1140066250491	17.7705606626179	17.0082097500318	18.5653996332837	NA	NA	18.7144467724674	NA
D9R0G6	23.4642595583978	24.194678113568	23.6352230228371	24.7613674006033	25.3528592039693	26.0153776178415	26.4849290726595	26.4256641142648
D9R0G7	20.2113369909178	21.5009624413603	20.7850053882122	22.2329220882019	22.6773652273346	22.9937766468844	23.2321901940716	23.2016339808097
D9R0H1	17.5706710462917	17.7836633164922	16.0592599518451	18.327771908644	NA	NA	NA	NA
D9R0H4	16.0223894879714	17.1144133904119	16.3884209681461	17.7521192650791	17.9877636274985	18.6971033156872	19.4989582520098	19.5471166995358
D9R0H7	NA	NA	15.0155457253672	14.5944995644151	17.4765880050204	18.1476819277705	16.652984979314	17.0640269646657
D9R0I0	NA	16.4719926739688	16.3292883069091	17.229382133206	18.684077405136	18.7531645069584	20.4045761372403	18.4248469852434
D9R0L1	NA	NA	NA	NA	17.7009002406295	NA	19.1551393972106	17.0944488712021
D9R0M0	NA	NA	NA	NA	NA	17.7703670858963	17.7708832327793	19.5103044457602
D9R0M1	17.5629429678458	18.8357481999532	18.1481786380666	19.0413436559257	18.3396934519604	20.1998831824994	20.0112709410216	20.1141337515453
D9R0M4	18.5783948057531	18.6395173601409	18.5815610340825	19.5914018150242	21.9386922930702	21.7721727926783	22.4519656726199	22.0945519613476
D9R0M6	17.7662959632837	19.1643521034466	18.0804636376054	18.7323131932609	23.6794929855626	23.1356779772785	24.9450308291307	24.5114124555358
D9R0M8	15.5979361490957	17.2504464701453	17.9135088773712	18.6258871715206	23.1856636897982	22.282348670059	25.0536614434366	23.4633866714456
D9R0M9	18.5938652316609	18.4321666934756	17.5091254969496	19.7568820387878	22.2210784653678	21.2380641415838	23.9123250885552	23.2805091292741
D9R0N0	25.5770684946941	25.6777469502956	25.7620520857818	25.8817336683522	25.596108297173	25.8529810962276	25.9489783187395	26.0159305293776
D9R0N2	17.6909119199827	17.4508890457431	17.8860775848731	18.7132723901521	20.8911903678035	21.4332369987853	21.6691688096964	21.8958193200173
D9R0N4	14.9853082972559	15.3523883288645	NA	NA	19.7480126325125	20.6493053033217	20.4100744962609	20.4476846005656
D9R0P8	NA	NA	NA	NA	20.3003927816133	20.6486911105019	20.8071127501607	21.158323692594
D9R0P9	NA	NA	NA	NA	19.2455341376765	17.8745371589022	20.9553916603463	20.5608552388575
D9R0Q0	20.4941407147308	19.9685993002691	18.8910419958137	20.3668771215868	20.5099759830778	20.0595979580648	20.6336054652369	20.3315599199884
D9R0Q2	21.059993958353	21.7241324386993	21.1740186430019	21.541134437186	23.5554354311769	23.5760017217304	23.9212525726219	23.9150638637387
D9R0T1	NA	17.1465885627762	15.8752933984937	18.0330572911909	18.3713512588002	19.0910685913474	19.913392003178	NA
D9R0T3	16.7919513924625	16.3629369290612	18.0249664838738	17.7895336449704	16.8911903678035	17.2920339854995	17.878793341654	18.2888390450037
D9R0V5	NA	NA	NA	NA	18.3358613590463	20.3794122136863	20.3190414037301	20.3795179792404
D9R0W4	17.4154281909558	17.6877037302136	17.6744543618953	18.8640833470354	20.528408323762	20.8698920044233	21.6784832289721	20.7922533262061
D9R0W5	NA	16.5993317429563	NA	17.4594796479018	19.6090632809741	19.4278570589487	20.3665570087847	19.5438738818582
D9R0W9	18.5893366051778	18.6318662304983	18.49985367094	20.0917142947288	21.3670904906681	21.8272589597879	22.4760786844371	21.7791245850327
D9R0Z4	NA	NA	NA	NA	19.5789659767633	18.9342782896613	19.7702057521184	NA
D9R0Z8	17.7174622303497	18.509512143708	NA	19.5102078468515	21.4985785044527	21.9611981368872	23.3492185864849	23.37238791639
D9R103	NA	NA	NA	NA	NA	17.3508701382098	20.958014549628	18.9216666318802
D9R132	20.2173850411288	20.4991140169679	20.1803462629739	21.4029641582564	22.9647624835378	24.6268943134057	23.5234872986999	23.0347640422988
D9R134	NA	18.2812056006079	NA	18.3736468520655	18.8431911302479	22.2568974132008	22.2237907977037	22.6558040884684
D9R135	NA	16.7828958574578	NA	17.0207412635222	18.384522393059	19.2665715329594	19.1341304748335	18.5748152359733
D9R150	14.7840724611058	14.886649213372	15.0487848503381	15.9707799736875	19.1305655355643	19.3298751546342	20.1690099164606	19.3525090254613
D9R160	20.1642293261144	20.2749195355247	19.5085066465204	20.7976456956335	22.0136239123117	22.3705799276758	22.9022934058566	22.7721123703006
D9R163	NA	NA	NA	NA	16.131495277147	17.4324114047036	19.21114683736	17.7063746012285
D9R172	18.6787239159678	19.2311649181083	19.1939536162729	19.5101885262936	21.3660233295566	21.5626262748271	22.4479619958495	22.0213378779577
D9R174	12.5994944743355	13.5789622925137	NA	14.4778847243517	NA	NA	NA	NA
D9R183	NA	16.0278844043489	NA	16.1395313681203	19.3652544844787	20.2805940828062	20.3641004480623	20.5030997677377
D9R191	NA	17.362645902632	17.8306513692552	17.9416895581858	20.023234556846	20.3930971287971	21.4567354146974	20.2135931505427
D9R194	15.8890998837704	15.5860774346107	16.5648639902269	16.4656142302756	18.1074827332978	18.6032786098684	19.1317464558375	18.8599351020064
D9R1A1	NA	15.1203188889399	NA	NA	17.7532951089628	17.9338750367073	19.1668299709071	18.6341020045778
D9R1A5	16.1319373223991	16.0583088845642	14.6013065261218	17.9114622107762	18.9368966900195	18.3743687835161	21.0055258692675	19.6788442444095
D9R1B0	14.9851303734669	NA	NA	NA	19.2667087756384	18.0519735977666	19.0614450301573	19.0228283355169
D9R1C2	NA	NA	NA	NA	17.2540505527674	NA	18.4232882903473	17.4660286512509
D9R1C3	18.4452007982062	17.2018941745517	19.1118692232783	19.8893346202798	20.0401933840058	20.7246737173831	20.7029471088087	20.5555290488428
D9R1D7	16.5009974412872	17.2329455026843	15.2899468256141	17.3961531994082	17.6493403921578	18.8264988342118	19.0748313623628	17.5092801680879
D9R1D8	16.2483538225979	17.3357741476187	17.0582243149002	17.4596397339029	20.7010018066854	21.0543075412787	22.1587243170939	21.2496829129339
D9R1E1	23.3025697608658	23.4006730911925	23.3010350529749	23.6148158657688	24.4410110624044	24.7731392067197	25.7345889011179	25.3735831348841
D9R1E2	19.4912072142469	NA	NA	19.9231910887592	19.6772447754665	20.1038000381497	20.483748873501	20.3564906575349
D9R1E7	20.4352226044697	20.5327896549091	20.5253525745848	21.05357858945	21.9940357128249	22.4243703264221	23.2719884132514	23.1719286977735
D9R1F5	NA	NA	NA	NA	17.0903192131916	NA	18.4849880572816	17.4030786161592
D9R1F9	NA	17.6448420701554	17.3071474329916	18.6200264717092	20.5672765336267	21.0705795772964	21.0320753306397	21.2154310921589
D9R1G2	16.7342332998426	17.474846671024	15.9823251755159	17.5570448092836	20.010588202359	20.0556319653513	21.0592678747722	20.1031597225558
D9R1G7	19.9285501813734	20.4876791219056	20.0120898011557	21.3148443090877	23.2025011108528	23.2021274118104	24.3100801925779	23.8815703184077
D9R1H9	NA	NA	NA	NA	16.3123157466901	15.8470328701942	18.3566410983356	16.9182343430211
D9R1I3	NA	20.1319473673082	19.0254261777195	19.6076192862175	20.6881649198259	21.4118853999516	21.9967617186881	20.3220161473175
D9R1I4	21.9054736802358	21.9148814403913	21.4567354146974	22.5654647152433	22.9301432040813	23.2100737827973	23.8094109584549	23.3913935966012
D9R1I5	NA	18.4231241191951	18.1090654476481	19.0352609051678	19.5638740151831	18.7449126539131	20.5977797875731	20.9024222236647
D9R1I6	21.7985952015357	21.7340099705159	21.2904148999293	22.1430792322077	23.3079978803941	23.3256710811359	23.6531599680996	23.0356871308458
D9R1I8	24.101012592252	24.0182674285986	23.8569983905679	23.8806365351771	23.9962790044116	24.2232457925002	24.5263559558986	23.4652564972237
D9R1L5	20.0866701274499	20.0858925339847	20.2638468523811	20.5090094827128	22.197995328216	22.18531585383	22.3050219027549	22.1466258502287
D9R1M9	18.206337135124	18.4613595374626	17.94968994729	19.0175370231863	20.8739517013288	20.9819657829604	21.8727500186806	21.4220873573963
D9R1P6	19.5626821668822	19.2688115301457	19.6521972670144	19.9993449413727	19.1438515195707	19.9250617903826	20.3735831348841	19.7868885731921
D9R1Q2	14.8752693969791	NA	16.7282659879811	18.2778957816548	20.8448314014794	21.4205976331746	21.7798059050174	21.7484958911867
D9R1Q7	19.2651067981124	19.9728115515561	NA	20.8386899776747	21.435680433333	21.4098156100756	22.4274427787326	NA
D9R1Q9	NA	NA	NA	NA	15.8764689838315	15.6155721670917	18.3038966641809	17.3114112968159
D9R1R5	16.4599278439482	16.2185632361903	14.8843136365175	16.7081947816575	21.1384618054459	22.5290282327282	21.8566945133564	21.5719581293791
D9R1R6	20.3047434600773	20.4413150756898	20.4167892824801	20.8246977553414	21.9523729858546	22.0994402773533	23.4370784553294	22.8470703487428
D9R1S6	NA	NA	NA	NA	15.9614723041609	16.0738695935106	14.926759273113	16.3253757327544
D9R1T0	NA	16.0620883113043	15.8053408284164	NA	17.8895277292779	18.3031831871888	19.971408833856	16.8616927494683
D9R1U1	17.5577179697473	17.9211435899051	17.9993724708312	18.5083132013089	17.0995943757681	18.5867371869338	18.9336733679545	17.2017984765622
D9R1U5	NA	12.939615942336	NA	NA	15.3548691998591	16.711693857166	17.9439799143437	16.3670392849665
D9R1W6	17.3617896021315	NA	16.7627972624982	20.8499548037705	20.8975559711489	19.0945519613476	20.7898679171956	21.238647307864
D9R1X2	21.1696216685966	21.5655112005598	21.0210667201633	21.5827006472409	21.4330331923162	21.8146028049793	21.6380770198923	21.9688804999661
D9R1Y1	19.2904148999293	21.07789794276	21.4416190249253	21.014611698026	20.8207305651196	23.5324329788908	22.4611646627406	23.3387853390285
D9R1Y2	20.60620999841	20.4395914860618	19.6962034723284	21.6522410400939	22.5129439214719	22.9432967667426	23.1859812059349	23.4351717256264
D9R1Y3	15.6126669573267	16.7830237956515	15.3352158696072	16.1668103609459	15.6198187665392	15.6477113706014	18.1686917028038	17.4630772933249
D9R1Z9	NA	NA	NA	17.3915456858529	17.4276729490949	20.413487447159	19.6231206003252	20.3413667971526
D9R204	18.464753129222	19.5593434786391	19.41784015622	19.9467806543927	19.8055392155761	20.4513117427423	21.5705691417485	20.9564555686374
D9R211	23.3103576072583	23.5387213096794	23.36626350964	24.2194102085585	24.9871113172865	25.1399297524226	25.8199952428073	25.4904790269519
D9R223	23.1847409845144	23.3427236062819	22.8565805428985	23.805775355202	24.8156780206834	24.7075672473465	25.4156100019072	24.9528261898847
D9R226	18.8303728417621	18.4548294097769	17.5442701981365	18.8352855950558	20.9175789531924	20.6602292359457	22.1827725922388	21.4216251937885
D9R234	20.109805153929	20.4768450694554	20.3764476257397	21.8533857091708	23.3314232428966	23.871735319807	22.1495747196086	23.5167714991836
D9R238	20.7285815471603	19.6144833989004	20.348192160957	21.4519153808436	20.7731392067197	21.9449950963033	21.9691616448644	22.0290782389222
D9R239	NA	NA	NA	NA	19.6436096143762	20.2139490639628	20.890299906892	20.964233681606
D9R249	16.3312143752887	15.7928411211622	14.8276900367077	16.4431701946603	15.9945965175657	16.9519676475435	17.6140339975894	NA
D9R253	18.1797633362516	18.2605888046566	17.5513477831178	18.777158978172	NA	19.2189699395516	18.814125543465	NA
D9R264	21.6952775760271	21.8457120858924	22.2065160000947	22.0438016269227	23.0693015944844	23.2041740953602	23.4650073270951	23.8199708879747
D9R269	17.8239518231221	18.4243549477087	17.8732758780051	19.1164962647521	20.383847704459	21.0079908447828	21.0531808240654	20.5109418363916
D9R273	20.7730586969375	21.1250249350738	20.5965974369612	21.7485777833954	22.1541258606729	22.3622285196293	23.2221551640461	22.7135157335745
D9R288	NA	NA	NA	19.4044306131102	NA	19.0245066435066	21.0928113276667	19.5390906377936
D9R289	20.6570916148532	21.1926179044277	20.8439885043395	21.3718829711273	21.997347654686	22.2025758390468	23.6885918158316	22.6266715549647
D9R291	NA	20.6711574819685	19.1581017603758	21.2529772004877	21.1209187395198	21.9988286667351	21.8555163842321	22.4759303048175
D9R298	20.5219071025033	21.9181979402849	20.2897397442937	21.5519672999214	21.6872253037324	22.0311667583057	21.81971757334	22.5477850955158
D9R2B4	NA	NA	NA	17.1818510677491	NA	16.828731532683	18.8840810635176	20.3654894528377
D9R2B8	16.377142732976	16.5304520607356	17.4912267906802	16.8438965221251	18.9508577178819	19.2338115714951	20.493554491626	19.5974706509741
D9R2C6	NA	NA	NA	NA	19.4514928606939	19.8114938594537	20.4564346339101	19.6843342846064
D9R2C7	18.385407443285	17.4320035295939	17.8284216422209	21.8865093044133	20.943064208162	18.8070341141789	19.8390592012708	19.2164853691232
D9R2D4	16.7364812097145	16.560482111986	16.4870706341346	18.341171311491	19.3777189094533	18.6916617437823	20.8118230826061	20.7500919513905
D9R2D5	NA	NA	NA	NA	18.923843934626	18.8438965221251	20.771769929019	19.4626979650988
D9R2D8	NA	NA	NA	NA	16.9389363225393	17.2681947350877	18.1712354489574	13.5145907837457
D9R2E0	NA	NA	NA	NA	16.604350524062	18.4714370738582	18.1713820667906	NA
D9R2E3	NA	15.7485073563758	NA	15.7546004791577	17.5656227592088	18.5788370224286	19.0215547675046	17.3927199043104
D9R2F3	19.3154414831245	20.7048897914558	19.480518061086	22.4910114353023	22.419852193809	22.9857571792923	22.997778338209	22.9655200951223
D9R2G7	15.8449508997567	14.3065601649774	15.8873158271524	17.404492982392	19.5464950958502	18.7001890779598	20.1405851611554	19.9483501195576
D9R2H0	21.3312318732122	21.6864133243346	21.7075461844138	22.1730426950256	23.0079053258976	22.9301432040813	24.0432676415216	23.3837686187304
D9R2H4	NA	NA	NA	NA	18.710752632911	NA	16.1698075898418	17.8214625932575
D9R2H5	17.3307068431679	17.380088979286	17.7848137401006	18.4272228038488	19.4625182484904	19.5982161029737	20.0401933840058	19.8778352972652
D9R2I5	NA	NA	NA	NA	18.0868515056353	17.0834793273318	18.86423451747	17.7526419806793
D9R2I6	NA	NA	NA	15.6042636417638	18.5182996914293	15.6997351051645	19.5392800001577	18.1005699503502
D9R2I8	NA	NA	NA	NA	20.0821282458996	20.9290416412951	21.7341340466321	21.0535123028346
D9R2L0	NA	NA	16.1401307760898	15.7774094410444	18.2869006352645	18.7328762479117	20.1664377210296	18.2248684180156
D9R2L1	NA	NA	NA	NA	19.6622998115306	20.1827725922388	20.1382117933076	20.4416190249253
D9R2L2	NA	NA	NA	NA	22.0156668595378	23.3794122136863	23.3146507274186	23.0772949286076
D9R2N6	NA	NA	NA	NA	18.496853777388	19.9039083171778	20.6284526601796	20.217503377268
D9R2N9	16.5472861813419	17.5212170195602	16.41590678162	18.1167500682186	17.0293950799224	18.7691082037036	18.3681568629843	17.4293903947136
D9R2P2	17.1131927501014	18.5350323145293	17.6949971415738	18.6495509072545	18.670068374958	19.5856374320533	19.3667704252112	18.4510903454742
D9R2P4	16.5330407019451	16.9900374664253	16.92937400457	17.3859971752729	17.6077637507488	15.9753777977468	17.7309874913153	NA
D9R2P6	19.1931836270739	19.508932134705	18.6722457674197	19.5688727638935	19.7630567166921	20.2298749651307	19.8770863821637	19.99810557172
D9R2R5	NA	NA	NA	NA	23.5568390586989	24.6305093257117	23.458764046446	24.1955794693785
D9R2R9	NA	18.6962544218463	18.1238384977844	18.8108038148519	18.7288306240822	19.6402943698272	13.9539235977984	19.2962082324438
D9R2V2	19.9989319364438	20.4284910353322	19.9894000438847	21.0004457101745	22.2966171524673	23.2001077625943	23.234399382778	22.9365193292752
D9R2V7	NA	18.794650660889	17.4165831390146	19.5214279132602	19.3664075984994	19.3875125229489	21.6236386204778	21.391105107422
D9R2V8	NA	NA	NA	NA	16.792332771953	17.3899505734802	18.364314228168	17.68749870972
D9R2V9	17.2681033356109	18.1946991516215	NA	19.6447012713419	21.0549699052961	21.9925151947719	21.7514819492704	21.7990301829813
D9R2W0	NA	NA	NA	19.3447943492349	21.6288975931179	20.7498465185666	22.5425756556886	21.7400359985014
D9R2W3	20.9619752797502	NA	NA	20.7828478777099	21.4630872742999	22.1485200272207	22.1321043099291	22.1818025501509
D9R2W5	17.3076811056392	17.5347284293168	15.1782368958911	19.3935789943714	19.186912183672	19.480320826098	19.5434019347701	19.458698974164
D9R2W9	22.1641065383327	22.3021234687496	NA	22.7067877139619	22.8195226856581	23.0261762457672	23.4689888942025	NA
D9R2X0	NA	18.493065790344	17.9335293015839	18.8133428058128	21.5057185298339	20.9492767288892	22.6899357131893	22.735456861662
D9R2X1	NA	19.4521567653827	17.4026623620691	20.5818735982442	22.9238838211854	23.4749407171659	24.718164931215	23.6361085872267
D9R2Y9	NA	NA	NA	NA	17.5040120243981	15.8688948805877	18.4987635221593	18.5267284627222
D9R2Z8	17.2895146221834	17.7199368938763	17.1369110313142	18.1675651521027	18.9659533405818	18.7063746012285	19.7080937207461	19.0886122794698
D9R308	NA	NA	17.1445985010207	18.2828350486531	20.277532599667	20.5680191860032	22.0138624052756	22.0536780136629
D9R309	15.8520905481145	15.8879107578575	13.0757966679016	15.4879970037653	NA	15.8388592168861	17.157386413124	NA
D9R328	15.3929211029776	15.7527987584355	NA	NA	NA	17.5273395476218	17.4978674261546	16.715988793942
D9R335	NA	NA	NA	15.9685318041854	17.1804919578597	NA	18.8805580698621	16.8464698099232
D9R340	NA	NA	NA	NA	16.5123546803929	19.3342907461698	19.109652142364	19.7618076651099
D9R341	20.428082050201	20.9634577546615	20.3642073420749	21.2474825347609	22.0010988944865	22.6433938263266	23.6139171303147	23.3823179448617
D9R358	NA	NA	NA	NA	NA	17.2545119641767	18.5074617340962	17.2782134909127
D9R360	NA	16.1584519045384	NA	17.3775494696691	19.3924893296701	20.224350318552	20.9723908794315	20.4209059782136
D9R382	17.9795256767208	19.1258069451517	18.1200960960986	19.6440851149158	19.8054447489024	20.4426317268066	21.8410728828848	21.1747501709686
D9R395	19.732859690617	20.4330841466327	19.7554483368495	20.4944337369803	22.6666141019619	23.2446837888862	23.9975716261636	23.8773635260642
D9R3C0	NA	18.0918692205472	NA	18.3063465536885	21.3854811729681	22.7613369626077	22.3805223654736	22.598347880637
D9R3C2	NA	NA	NA	NA	17.8959893824465	16.9703980319487	17.5012929623708	NA
D9R3C5	NA	NA	NA	NA	13.5121231614202	17.6463899508647	18.9055104054522	17.8207149860166
D9R3C7	NA	NA	NA	15.6811560387441	17.4108819227053	19.4306567229967	20.6614475814501	NA
D9R3E1	NA	14.6866099507519	NA	NA	16.1126227643291	19.8676919927588	20.1091674986519	16.8448773635266
D9R3F8	NA	NA	NA	16.4395874281275	19.7280500392932	17.2801182785811	19.8072857342351	19.9344510778573
D9R3G2	22.5698973180467	22.7153185523314	21.9401988744676	23.0924081036944	23.7293079013517	23.9247900366931	24.7801664736137	24.4334535116167
D9R3G4	17.3215758314157	17.9442087501029	17.3480192174132	17.579242268673	16.4547651636466	NA	18.5316099097592	18.3599039500748
D9R3G7	16.3935915626239	16.9232346210092	NA	17.0023975087192	18.3755570601282	19.7865695622584	20.420083578282	19.4718537939994
D9R3H5	15.6561175651123	15.988795618088	NA	17.1056425608023	15.6824460095693	NA	16.8400894506443	NA
D9R3H8	17.8048620676897	18.8542231354073	17.235285033961	18.5917852895422	NA	20.2114558241653	20.2890642725494	20.0157689309988
D9R3H9	18.6689957520532	18.3944375731694	18.1797147483913	18.5544239731007	18.8382744881479	19.5569886983978	20.493065790344	20.3703936824998
D9R3I0	19.3913359033802	19.5774730854263	19.4285319274693	20.6843171607313	20.3150655134795	20.7317333485492	21.6121629842055	20.8805431236039
D9R3I8	NA	NA	NA	NA	17.325709504919	NA	19.1572136899431	18.4239858094
D9R3N0	19.8382744881479	20.5200853360181	20.2475984278438	20.8099407947076	20.6443844237615	21.4867466569275	21.6066166650387	21.6255126563
D9R3N2	24.0044461167021	24.3522530720197	24.1731037111199	24.8671226078416	25.2401260351722	25.3750757668865	25.8901560830099	25.4745075590299
D9R3N7	18.2767151057606	17.7695279531673	18.2829255196054	18.8931178163746	18.1899307036097	18.4853026012102	20.0784844174114	18.8407349036597
D9R3P3	17.4418418803396	17.9903145188412	NA	18.7132723901521	19.7027442432898	19.7413616455927	20.7956655489545	20.3073031079073
D9R3R2	20.8018346397202	21.4798572177094	20.8759023033453	22.6712870828166	23.4508588483607	23.5491021527996	24.5212721424803	23.8258042878256
D9R3R3	16.6545241526766	17.8494051009478	NA	17.936925437268	21.975507949495	21.0665780106753	22.0353011838477	22.164689687244
D9R3R6	16.1710594878868	18.2999234635003	18.5613774544066	18.2815225818953	20.1192096475049	20.8905967882679	21.6296092005266	21.8767642291048
D9R3R7	18.6821236249794	19.3865866662939	18.5420418639261	NA	21.1197795698372	19.9038641978386	22.4026779737651	20.3895305137769
D9R3S0	NA	15.9614044738098	15.8968526945718	17.6939769201601	19.6486560058704	19.8994011803137	20.2043084474416	19.9109061856209
D9R3S2	20.8867325569411	20.9633871951505	21.0655923163323	21.208958268135	21.3773482340751	21.635688011919	22.2094045775093	22.3299463046428
D9R3T4	21.0395241994116	19.9354585967575	18.9032169591373	20.8458269181478	22.1602641445902	22.1357092861044	22.5014484754723	NA
D9R3T5	20.9082254804639	21.0780282910651	20.5661618377699	21.6577458488789	23.1924824591813	23.5084534516729	23.7488848377844	23.2938981794957
D9R3T6	20.4410110624044	20.5510285342448	20.4910114353023	21.4788703209025	21.793960446392	22.2028149432596	23.2492633629224	21.9592534462613
D9R3T7	22.8748335500251	23.0830377668273	23.2820658164083	23.9844191542017	24.5439210680768	24.6008788555266	24.9976146936156	24.6111612650242
D9R3T8	19.000418201188	NA	17.9858197059543	20.905290040129	20.8479687775627	18.4686956286473	18.2621499146205	NA
D9R3V2	17.2321960506982	17.2168405698343	NA	18.1970534743928	19.114082902291	20.137336409474	20.37877745748	20.2532658145365
D9R3W3	19.0681537221718	19.2309070197668	18.9037171236292	18.64177659089	21.5747320992276	21.9318931391956	22.3995522678661	21.6775372839884
D9R3W7	NA	13.7426252279296	13.9081111101466	NA	15.8622741199445	16.2955716550536	17.0930048351502	17.6473038276418
D9R3X4	NA	NA	NA	NA	17.9847633363375	17.8742369539277	18.8913683940515	18.816814922436
D9R3X7	NA	NA	NA	NA	17.8892900529939	20.2430716847924	19.0307694987938	NA
D9R3Y3	19.1042608894683	19.4531821993423	18.9529345822992	19.665547580954	22.3651423269968	22.9967961920998	22.6896371774993	22.5765784537153
D9R3Z4	NA	NA	NA	NA	19.9778500725361	18.0522390088534	20.8043579373304	18.699375891133
D9R407	19.8690636267182	19.8905077302697	18.3446860070745	20.1113343776823	21.5245876249164	21.6490859787585	22.1529507505067	21.4343065106464
D9R417	NA	NA	NA	NA	17.0567435427341	NA	18.9464094402916	18.4195899132029
D9R423	20.8408424510929	21.6471984098608	21.3880593409076	22.2435366203559	22.9766794863013	22.9361957986291	23.2497263076964	22.9283007737048
D9R438	NA	NA	NA	NA	13.6423902080539	16.0271068690894	17.3079478679514	NA
D9R443	NA	NA	NA	NA	NA	19.6451940070832	21.5305530286329	20.3908952608702
D9R446	21.1664990171034	21.5736693744389	21.051389521446	22.2974010585072	24.0738186123236	25.3222018652901	25.0758189255147	24.667578061282
D9R447	20.3022908444723	21.1899065804932	20.1464394033281	21.7067034148476	21.2208128544808	21.2851177050462	22.0284713278462	21.8813649379474
D9R448	NA	NA	NA	16.9111110619267	16.4716593395793	17.0371393796592	17.8950426932991	16.9690491934796
D9R451	NA	NA	NA	15.5433943823617	17.7986742988268	17.5876163876359	18.6977481411081	18.3246991680903
D9R452	NA	16.6027568499878	16.9984361744119	18.0137806407007	21.5902142236618	21.4048359652538	21.8851690632591	21.6795574141221
D9R459	20.2669374844278	21.0380508997942	20.9040406671009	21.6126579593503	23.6371041978454	22.7033907777052	23.7389234913818	23.2297136398811
D9R461	16.9752210402702	17.6003775531078	NA	18.9606750960511	19.3670051468223	19.8544666590676	20.3966549482102	21.6952775760271
D9R462	17.0241007802529	17.2783950076519	NA	NA	17.8676769126118	17.5379160360487	NA	18.1356591916569
D9R464	21.2277028943042	21.7238825492574	21.4560836437168	22.1878244425269	22.4459938583331	22.5099759830778	23.2023815376906	22.819054847781
D9R466	14.595898485012	NA	NA	15.7925107145521	19.6252094060878	19.1284525440015	20.9045552458578	19.8583422795058
D9R467	17.1629026647092	14.967496468615	NA	NA	17.9254385374802	18.4061966995327	17.6372899690875	16.7317167781325
D9R469	20.056690629894	19.2984474690032	19.3685831913092	20.5191255867538	21.843720206487	22.3491915846405	22.8928585020859	22.3835577022569
D9R474	NA	16.8601170269398	17.6794113719233	17.5418528637502	NA	NA	NA	17.8677975493742
D9R475	17.3050107660795	19.2121211095267	17.6813345077065	19.3605041976562	19.3307506029701	20.9651501484712	21.0593338974727	21.067563032021
D9R476	23.2691369545884	23.5482791329096	22.9968306646877	23.8939325008311	24.1854066017332	24.6380991218623	24.7957547139785	24.7843664621429
D9R482	NA	NA	NA	NA	18.3706703809439	17.8700275118658	21.4429860045894	20.3655962439878
D9R4A3	NA	NA	NA	NA	16.8267470825202	17.0962004026221	16.9935797256519	16.1431440205812
D9R4C1	16.9968927132703	16.9829267487098	NA	17.6225666488811	NA	NA	18.1872747397041	NA
D9R4D0	NA	15.6271063474884	NA	15.3747678140928	18.2303676287589	17.9400841426658	18.7577611055608	NA
D9R4D1	17.9486067786549	18.6338892229289	18.7736865541201	18.675316176619	21.2593134102453	22.0912623327082	22.1613102893083	21.8025447633566
D9R4D8	22.2770217202626	22.5925199975843	22.0762675944783	22.934217088879	22.7464265708792	23.2788090072576	23.4076909892043	23.8695720057829
D9R4F0	17.4680193995189	17.6582254320099	NA	16.9540145077225	21.275090097095	21.2901336234781	22.3414210940247	20.8219763485989
D9R4F3	17.729992414802	18.5544989202444	17.8780149790557	19.0289366491726	21.7547880290648	21.2227005813329	22.5858666167971	22.2962810623008
D9R4F6	21.8447547948132	21.9956236337346	22.1226258092505	22.3121872075016	23.6838889977838	24.1137046547174	24.1897859588602	24.1758467679023
D9R4G3	14.9001120629775	15.6235671804797	15.5054084062211	16.0279923622223	16.0305809305739	16.4047756893234	16.7234743033961	16.5031114172031
D9R4H6	20.8599199405597	21.1024550470039	21.0415976621235	20.8933400486732	22.6379001919416	22.797032140783	23.2915113543983	22.6787625940614
D9R4I3	NA	NA	NA	16.7845581696764	16.3498340914572	18.0038802093466	18.7297933171122	18.1948434042962
D9R4J1	NA	NA	16.7953801838396	19.0512301868564	18.7908702694173	20.9793861173455	21.4448571718489	22.3502712644162
D9R4J2	15.3244266953071	NA	NA	NA	19.5418150607436	21.3320518503335	20.2371305849447	21.0511903504592
D9R4J3	NA	NA	NA	NA	16.5239141335373	18.1578304635154	18.7088683402117	17.7573379180507
D9R4J4	18.9075948646198	19.6625084442194	18.9614666517534	20.3029601532484	19.1708688391718	20.6654434878992	20.5667192933568	20.9429926441331
D9R4J9	NA	19.3007949328027	16.4919000582945	19.3872179966406	17.2601293330004	17.7915699121269	19.8232521612195	19.3390627275624
D9R4K0	NA	18.4035363569857	NA	NA	19.55429280623	19.2691769139333	21.3910001879615	20.6909801018888
D9R4K1	18.1858723511316	18.9288537499167	18.3941444573664	20.1620175455317	22.2312235249387	23.3617200053854	24.4149329300375	23.9888455343974
D9R4L8	NA	NA	NA	16.1190626976866	19.0796045728763	19.3660233295566	21.5882937393454	20.7248402238223
D9R4M0	NA	NA	NA	NA	18.2652670759368	19.7347790704776	18.1651621718914	19.3623034434195
D9R4M3	13.8200792151174	15.6533489321512	15.3016033642667	16.6455458581789	13.7579108191051	15.3291306056371	15.2014347662979	16.4816733164473
D9R4M4	15.769553779915	16.2649007004562	NA	16.6927517013681	15.7224340040731	16.6394820315735	16.5404156526848	NA
D9R4M5	NA	NA	NA	NA	NA	18.8347919862781	20.2248213257521	19.8905819456499
D9R4N8	NA	NA	NA	NA	21.3730520489068	20.6338714897081	22.9265645695625	21.8744395991374
D9R4N9	14.7427304765192	NA	NA	NA	18.2711620702896	18.222417579722	18.955207169767	18.4337158306884
D9R4P5	19.0237218715072	20.0036057500971	19.2116459370043	20.1742625268738	19.7798700126878	20.1563497637198	20.7601189158963	19.8917688728065
D9R4Q6	17.05695517469	16.2122493792795	17.1876613657391	17.5548735975717	20.2103859723989	19.1948434042962	20.2871487167015	19.7265873821834
D9R4Q7	22.0637834590575	22.4640600879368	21.8288477244473	22.8750023531944	24.1556088435421	24.7926306545462	24.9470393769636	24.7020276461173
D9R4Q8	20.070514067248	19.9939666331227	19.783775203499	20.5409453180875	22.2328342805083	23.0371460841153	23.3743793974602	23.3972818889201
D9R4Q9	17.7993701680583	18.8814844355902	17.7832796380074	18.8399357287828	20.5147024979866	21.3896880504987	21.8231821763634	21.7137254794483
D9R4R1	16.8954569462414	16.7289302428116	16.5079184926296	17.8725546506742	20.5590820261119	21.4088314186733	21.6675239233364	21.7425462864483
D9R4R2	19.4841030346333	19.2933144741711	18.9512562524261	19.2016788451478	21.0230991624448	20.6185396464934	21.9380820387485	21.4455645486912
D9R4R5	16.6279897843157	16.6379267175159	16.8129042871579	16.5368694562359	19.5752770195623	19.9235248024453	20.3830038997612	19.9141515162468
D9R4S2	NA	NA	NA	NA	17.9838731615897	NA	19.2185443169642	19.7283656457051
D9R4S9	20.1935205479163	20.7726560806201	20.5113279967367	20.9877358756246	22.5850413812739	22.4307383834394	23.4359347199364	22.9643394574996
D9R4T7	16.0826064655279	18.4576774552974	NA	18.5822963714113	19.3391062346505	20.996865136452	21.6972306066927	21.3790419731737
D9R4U8	21.8855414773763	22.4946046391456	22.0317388890812	23.1791315663955	22.5128233925495	24.517252237289	24.7808172720886	24.653815987076
D9R4V7	22.1175302342497	22.150225762283	21.7027780561906	22.3096362181042	22.9477439376706	23.3152037490031	23.3908690279049	23.3104962945971
D9R4V8	20.576901322949	21.2311649181083	20.3180484579204	20.05695517469	19.9432073255711	21.3282760907082	20.9035994534655	21.1369610823139
D9R4W6	NA	NA	NA	NA	16.871592453029	16.5293390406483	17.9027754934801	17.1777698909373
D9R4W8	NA	NA	NA	17.1688875348987	17.1728962458698	19.2859530226423	19.2606347437749	17.8328776554989
D9R4X9	18.1166485521899	19.0548109656638	18.323864008011	19.6996639472246	21.4814841229461	21.8060901479243	22.6017744148687	22.5876987852383
D9R4Y1	16.1610925075823	NA	NA	17.1476819277705	18.9292295082065	18.2146606274992	19.4939648728095	18.5528866980108
D9R4Z2	NA	NA	NA	NA	17.6108662443431	NA	17.7942381585926	16.5973251520036
D9R4Z4	NA	17.2570010389564	15.7096492743727	NA	18.0012432426948	17.0486784372795	18.1691812332082	17.1258573828618
D9R4Z5	19.1704287844213	19.5926249253392	19.1356591916569	20.0252639495577	20.7517271040543	NA	21.9668757551359	21.5131126450482
D9R537	NA	16.6343856646339	16.0882913573478	17.2285368865999	NA	NA	NA	NA
D9R538	15.1224235953542	16.3677901198363	15.7837144659149	16.9868197641735	NA	16.0778796930574	16.3961866547578	15.1954491080739
D9R545	NA	NA	NA	NA	18.2490115743385	19.2027073512678	19.5780261882845	19.3242816484838
D9R551	15.410517601592	17.4508085179855	16.3153972564866	18.1083508884255	21.6833750344578	21.7893107537842	22.475658235873	22.2492199542325
D9R552	18.0336488351541	19.8721788685934	18.4306975537958	20.2695650328392	21.9655377092635	22.7386967643463	23.3571621469772	22.5948904151081
D9R577	NA	NA	NA	NA	17.9101742469322	17.1299872859562	19.6754540192123	17.2277851403231
D9R585	16.8668925276766	16.9276390922982	NA	17.085970312194	16.992252397452	17.0561084605341	20.4515129835072	NA
D9R589	16.379361443466	16.7026597075704	16.5228573430804	17.2159879411614	20.0512567438434	20.1350829804549	21.1462529323288	20.6869689385534
D9R596	20.0295838031931	21.0087431924638	19.3457690627241	20.8730505331932	22.4940674498682	23.3780894896174	23.3734503817171	23.3251220581853
D9R598	20.3803638246532	20.5099759830778	20.0442019863094	20.8590099620543	20.1305655355643	21.3114667328489	21.232570825357	21.4575872865443
D9R5E1	18.0597563712239	18.096509275781	17.9710158283747	18.1003132841501	17.7135073431053	16.5105014874802	17.7429409506666	17.33716889822
D9R5F3	19.550277081638	19.865035456429	18.4839259649348	20.3746447206868	20.4199807453199	22.004737558125	22.1465947774186	23.0520034589515
D9R5I5	19.4903455880923	20.2412104427463	19.4319423383804	20.3377786778557	16.9235828317292	18.8413186362353	18.0899055964913	19.5629429678458
D9R5K4	NA	NA	NA	14.9125619240388	18.1103405666444	17.8680990971547	20.133453312164	18.8837231856762
D9R5N3	19.2309539138036	19.2823373569777	18.8862860173324	20.4741733195849	21.3829511455774	22.08284291775	21.7527073068149	21.4185917824533
D9R5P1	17.3307943614451	18.1614763719179	17.4150154853316	17.8596924997372	21.8165571469754	22.6518908182646	22.6890399207281	22.6422482882047
D9R5R7	NA	NA	NA	16.8767567363172	17.1245454289725	18.3095918131413	17.318136747449	18.9667701650427
D9R5T6	NA	NA	NA	18.9445519356989	19.4555519816703	19.4942774658536	20.9674035897117	20.6777093201251
D9R5T7	NA	NA	NA	NA	19.9638105004617	19.6409827332793	20.494726699727	19.943779653275
D9R5T8	19.3442742326472	NA	19.6310668993217	18.2729850938029	23.1290408450481	24.357229278735	23.5535618009903	24.5370036391004
D9R5U2	18.1653094082073	18.8548014369958	18.2806167362366	19.0101510799921	21.4757571759711	21.6626648989387	22.9188166619153	22.332980594688
D9R5U4	18.1207542483579	18.2731672695194	17.6674719489974	19.4668451903175	19.6317241595422	21.7040032391035	21.0796566519695	21.387796473527
D9R5U6	19.3505680347554	18.8703586987081	19.4138799357356	20.030796435099	22.0852766417848	23.0494298115265	22.6072038700917	22.9649739500512
D9R5U7	19.2408146192777	19.8839170471934	19.7478323929206	20.9786182993702	23.3288239149186	23.2249243380822	24.0322939755865	24.105495501324
D9R5U8	20.3873231915104	20.9876664936042	20.287825085697	21.047534000911	21.7504191302196	22.2522265336361	22.9368607551533	23.0169762285983
D9R5W2	NA	NA	NA	NA	17.6574580224582	18.1876613657391	19.4418823958076	NA
D9R5X1	21.9042244662986	21.8554403428543	22.0081276644558	22.3839267858524	22.3204193623832	22.8443717004534	22.9783040741988	22.8493631011477
D9R5X2	20.8599199405597	21.4474323767427	20.5951409047417	21.5780538378619	21.3729458082469	21.0171971737016	21.6962119640397	21.2539005622799
D9R5X3	17.6499718453164	18.0510177133595	18.1671240883437	18.9255254651481	21.5701521845558	20.8688376229517	22.7338238363312	20.943421975068
D9R5Y3	23.0747987041011	23.5898943204251	22.9340910790929	24.1295125709512	24.1156107756102	25.2178952964147	25.0389216677725	25.1992916209516
D9R5Y4	NA	NA	17.3327184215569	18.3180484579204	19.6288620035321	19.3658952171607	20.5630919758031	19.9554626119799
D9R5Y5	15.4566431819224	NA	NA	16.7462256272844	17.5254290472488	18.7268700565312	17.6545241526766	NA
D9R5Y7	17.3955676051706	17.8138438068305	16.2166321960205	18.3431683619101	16.633818288738	17.6015386759398	18.4589192069676	18.0028919115938
D9R603	19.1116654959545	17.2796649857628	17.3559532408623	22.1779766565706	21.1758467679023	20.3609970714114	22.3137101039407	21.2922137717844
D9R616	18.5287135430027	19.109193010275	18.3328058178944	19.8470053343136	20.1165470290175	20.4322686615317	20.7922533262061	20.49843242108
D9R617	20.9927917718235	19.0421189031984	18.8993569229231	24.1515114832783	23.7751504924782	20.7481273187116	22.4719430755145	22.3797294870902
D9R618	17.7713991950687	16.1639444424574	NA	20.7881161071283	20.4726868733489	19.0130990889723	20.8674054430082	20.4469782627101
D9R621	16.9742129067327	18.4504863619989	18.1048239523451	18.9933309446167	18.6683379436216	20.3782482805526	20.7473079314908	20.0081276644558
D9R622	17.7220737256165	18.2663198874673	NA	18.6422350651475	20.8263281387173	20.7092723244513	21.340823716009	20.7881957810226
D9R652	16.6826380342368	17.1896894542921	16.5516632067333	17.606173844717	19.0601259342979	20.0255343196936	20.5973251520036	20.4368497807774
D9R658	21.560482111986	22.4790183984681	NA	23.0253146478179	23.550511952626	24.4775986963131	25.0091533986198	24.1273098625706
D9R661	14.3436021377457	16.7153185523314	NA	17.1358094697815	19.1176126661761	19.5505964968222	19.4914029666272	19.4851846552734
D9R665	NA	NA	NA	NA	17.3705852486133	NA	16.7918242435583	18.5194903666901
D9R667	21.5281698262922	22.5827695465942	22.80039359288	24.4475837163278	23.7403654655557	24.3682634568771	24.0092388435569	23.8202631188337
D9R668	17.6473741018833	17.6681647862776	17.8017083589165	20.5170118882604	20.1072528400552	21.6525036506839	21.4850765296933	21.455030160496
D9R671	17.1244444600086	NA	16.3828097548517	17.1748476800114	18.5193751829899	20.3265216540205	20.7713669528311	18.8760972185728
D9R681	NA	NA	NA	NA	18.3899925727245	20.1912327532728	20.0779631183847	16.7170605332732
D9R692	NA	17.5089708092273	17.6608733467579	17.711895468212	19.6217800298401	19.8262971010029	21.2586235381266	20.0152244664048
D9R6B2	13.3787012679642	13.8733479809118	NA	14.1040253616314	16.264515906039	17.1873714059269	18.5878727202792	17.4442707967463
D9R6C0	NA	NA	14.564923515944	NA	15.8262257117256	NA	16.877955087612	14.9575555338619
D9R6C1	NA	NA	14.9155059622319	NA	16.4293577005572	16.993690281232	17.8370118970201	17.0469747600091
D9R6C6	NA	14.076398090163	NA	14.3179778224071	16.842669531882	16.7791807058966	18.2219457869709	17.3189311101602
D9R6F5	NA	16.7252064703584	NA	17.9552639386119	19.0647638123185	19.4209265322065	20.5539367217411	18.644349214179
D9R6I7	NA	NA	NA	NA	18.4481082373447	NA	19.2868780802911	18.8634785068459
D9R6L0	NA	16.3465829852977	NA	16.0845592822109	16.335791590326	16.3577753466513	17.8302799873137	16.9697237703501
D9R6L7	17.9628508300608	18.0642375309714	16.8778352972652	19.0783280474807	20.2933369287433	19.0366565769192	21.1731037111199	20.5915844346498
D9R6M5	17.5370818671669	19.1461161716097	17.488169650978	19.174579514284	20.0967408872613	21.0094268046074	21.0600599478346	21.2244092028622
D9R6M6	23.749703330135	24.3469892335864	24.046352016574	24.358638324535	25.2756513865438	25.766305063416	26.2127475041017	25.7850902242988
D9R6M8	18.3755146385265	16.9281019396044	16.3886395825098	21.0254667319097	20.6832036726521	19.0297185904162	20.0580128690489	19.8311154622821
D9R6N8	15.5713675100646	17.2992080183873	15.7672792544139	16.5410058388963	18.6031699254532	17.1516508299734	19.6384040944755	18.9584111123135
D9R6P7	20.4366464840758	20.7062396816511	20.7189174453801	21.4620888348394	22.9340910790929	24.2467000128477	24.1382117933076	24.2001526744185
D9R6Q4	NA	NA	NA	15.6128972864163	18.2046189021664	17.6401884385998	19.3773588261219	18.3737742779866
D9R6Q5	19.2850499553906	19.4808532986943	18.9559733607606	19.6357499991413	19.1876372046472	19.9178411448527	20.0392564386385	19.5234011507945
D9R6Q6	NA	NA	NA	16.4552469399014	19.8082446333076	21.6689092154464	21.8189378646031	22.0530813655812
D9R6R1	17.0077719063134	16.687977045558	17.6006679214375	18.0769199548968	18.7764523100611	18.8419942421758	20.2844400652776	19.5369301482646
D9R6S1	NA	NA	NA	NA	18.6823637054584	18.31398128774	NA	18.7952533367792
D9R6S3	21.1255925652093	21.4864520690471	21.0218122814986	22.0942942221704	22.7422378798885	23.9003044720038	23.7168052301297	22.9439405795419
D9R6S6	NA	18.557531012234	NA	19.1346569372549	19.7290962587426	18.7468816661484	18.9156109954212	NA
D9R6S7	22.3210527816781	23.1387742597042	22.4004125122988	23.7600986064026	23.961728052427	24.6695256755378	24.8097543930279	24.7969430546772
D9R6T3	NA	NA	16.1357092861044	19.9786881178927	19.4870313680447	NA	18.5858207827609	17.6148248502965
D9R6U5	NA	15.0790680487822	16.1880478881904	16.3379876858421	NA	NA	18.3500068175922	17.846714645739
D9R6W6	19.8576591025847	20.3937256171716	20.4271614095225	20.5884767527975	23.344079140574	24.3805355764223	24.7712258845688	24.4844989035388
D9R6W8	20.2339753638819	18.7381318529472	19.1055146838452	21.8288477244473	21.1669280167151	21.5383897808535	22.4977505030223	21.4966295088631
D9R6W9	NA	17.4491970181911	NA	17.7174622303497	17.1776725792081	19.2135931505427	19.1697929127198	18.9819239873173
D9R6X0	18.3679436515687	18.7803987923012	19.1942903573643	19.5985977707347	20.6055771779414	20.5989611699913	22.5864623267975	21.8903741329636
D9R6X8	16.9994275281725	18.8057438721516	18.3649553784819	18.8189066674868	18.7756167103259	20.6844027780745	22.4257793460095	20.1663151210685
D9R6X9	NA	NA	NA	NA	18.4910701717753	20.3530477264275	19.6780705292508	19.362795702979
D9R6Y4	NA	NA	NA	15.363826763294	14.7817182934362	NA	16.3733749724782	15.6058267231592
D9R6Y5	NA	NA	NA	NA	20.6619694147235	22.1342997158497	23.1510933624196	23.0372466472187
D9R6Y6	NA	NA	NA	NA	21.9046287421283	NA	22.1773076017535	23.0951639074154
D9R701	NA	NA	NA	NA	17.8392899180423	NA	19.6878916400749	17.7032006505992
D9R702	15.7976615258538	16.5110113528822	16.0482739960588	17.0277764383963	20.4826661754833	19.8113841017055	22.1293396226955	21.3636193269696
D9R705	NA	NA	NA	NA	17.3105240304651	17.606101534613	18.0200901298986	NA
D9R733	17.2986712016217	17.0433477519327	16.3575176412363	20.3340724701968	20.4182314625768	19.4847324398337	21.7330997527943	19.9212162459644
D9R737	17.9755569282949	16.8228944251703	17.1976774463074	17.9097056112156	19.5393557381445	19.2241383151331	20.4587390189926	18.551047315546
D9R738	16.8756773684321	19.659793863084	19.5401128994093	20.072347225107	23.0391225396138	23.000686391434	23.3803373994892	23.1459887238156
D9R741	13.1820684065626	14.3436715297777	NA	NA	15.7533473464544	14.6310064874119	15.5656971268492	15.7180244184207
D9R755	NA	NA	NA	NA	17.5837292020827	17.5186070565524	19.1157345863431	17.8324450354821
D9R767	NA	NA	15.6732814670795	16.7248069240717	17.5248936534567	NA	17.6974427334139	17.9892614364925
D9R772	18.4991918931408	19.0310388392174	18.2492431056963	19.826576416397	18.9576462152184	19.5902873344428	19.7390389023687	19.8941694135887
D9R774	21.709650956964	21.6498753911912	21.5166272465089	22.277816343407	23.5520376827281	22.8788232702922	24.3164472730343	23.2479460512439
D9R781	NA	NA	NA	NA	17.4602799003301	17.6333926103358	19.2233842727916	18.348192160957
D9R784	17.3352507683128	18.1433034872599	15.3853231761759	18.5808253217634	19.4094323732448	20.8530049001305	20.6027713458661	20.1084019401087
D9R787	18.757109996426	18.2440014061334	18.3993697258126	19.4528404689998	21.5673229606019	21.6306315216335	22.5022500739497	21.7926505111991
D9R788	NA	NA	NA	NA	19.2337179674957	20.084595612789	19.9422052054329	NA
D9R7A6	NA	NA	NA	NA	17.7525113195335	16.0017160537775	17.6766595804431	NA
D9R7C4	NA	NA	NA	NA	NA	18.6823637054584	19.3017774973759	18.6190951460472
D9R7D2	NA	NA	NA	NA	17.0160682989638	18.2259981714335	18.6249953087303	17.9180013496354
D9R7E4	NA	NA	NA	16.0036496670859	24.7107232097562	25.2794822118078	25.0927306918876	24.7432450973319
D9R7G3	NA	14.9458552969472	17.0981554833946	NA	19.4981402099509	18.699850305817	21.2614384416418	20.0419318126846
D9R7G5	17.6336764098923	17.8604808079985	17.8590858155227	18.5234394393875	21.8102154480294	21.8569224272654	23.2634170738046	22.3249023904906
D9R7H4	NA	NA	NA	NA	19.6348287718475	16.1954491080739	NA	16.1116451216398
D9R7H6	14.4723100637052	15.6416002158344	15.2847518191033	15.4078320366051	17.4912267906802	18.9506299344176	19.2861110013096	18.5989975048829
D9R7H7	17.5984160367746	17.9882075848943	16.3251648894891	19.865035456429	21.6577022425061	22.8378434836939	23.6021823335459	23.3525898434306
D9R7H8	NA	NA	NA	NA	17.9282176282329	19.1038000381497	20.1013653255074	18.9525080733214
D9R7I5	14.8972309699608	NA	NA	16.1165673342235	20.4383735935877	18.3094141796211	19.8692142762292	18.8406119824898
D9R7P7	NA	NA	NA	NA	18.2770330751039	16.8680990971547	18.398242669172	18.1606396132007
D9R7P9	NA	NA	NA	16.9588925062175	18.3214437104357	18.2393467963824	18.9801953738622	17.9914775583429
D9R7R4	17.4241498825312	18.3713512588002	17.0608647765635	19.19048542399	18.4508487824261	19.1362852472646	19.3794968267499	19.1381117763197
D9R7R7	16.6641416906194	17.0817122738529	15.6147673483519	17.4089764995944	16.0019139286967	16.992252397452	17.4323298389062	16.5509571630704
D9R7R8	17.6847623154417	17.880348808156	18.4411934780631	19.1188802563967	19.6580684950798	20.1270421617114	20.9443517540225	19.6491122994667
D9R7S2	19.7822559962503	19.5631292253878	19.8170804611098	20.3255338449844	21.1535693488529	21.3498124992363	22.4698335634543	22.1437020768579
D9R7S8	NA	NA	15.4558409091264	NA	19.6591144189599	20.4849290726595	21.196645346794	20.175359494389
D9R7T9	16.7193353392627	16.3392933001801	17.4997369086786	17.3199014043149	18.6661893222171	19.1914496473485	20.6542968781412	20.110315075306
D9R7U2	NA	NA	NA	NA	NA	17.5945578798637	17.9499178792031	17.9604771392477
D9R7U8	18.9813944710069	20.8011241663744	19.3732220176913	21.1529507505067	20.216793214792	20.8258625028744	21.136648235074	21.1938213036223
D9R7V8	NA	NA	NA	NA	17.1678101292714	17.3341161280334	19.2089106536516	NA
D9R7W3	NA	NA	NA	15.6287018395302	18.3590460200776	17.7017802423239	19.9961755446216	17.4652315821473
D9R7W4	18.1000565722789	18.2690170699127	16.6640027628865	17.9168941169037	21.8049093208804	21.6753420231085	22.7332445985778	21.8576059530398
D9R7X0	20.6216727303688	21.6006860675178	21.0924887575053	21.8736513744912	22.7534624255045	23.304520667236	23.9305763753778	23.1376960063996
D9R823	NA	16.5866345786084	NA	18.6233528392575	20.4088314186733	20.362175000254	20.9093247325738	20.2871487167015
D9R825	17.5700039040643	17.0251828286355	15.0004402084192	18.5849037961153	17.0547314892809	17.548867052165	NA	NA
D9R834	16.2762516535092	16.6937047392253	16.8616927494683	17.981032058361	17.8437738700493	18.5871768542597	20.4758561092845	19.8236098085851
D9R850	NA	18.807694523251	18.2392535508394	19.3164804190072	NA	NA	NA	NA
D9R863	18.7635430675774	18.8243248374414	18.766004728737	19.6110284005813	NA	18.4562340785416	19.2895821625051	NA
D9R877	16.4582624134289	15.2237000759863	NA	16.0352286814143	17.1454943685327	17.8745371589022	18.7445185287799	18.1605411390843
D9R893	21.0428670227267	21.4392363736143	20.8266384791414	22.0443354147526	22.4791417848305	22.1811352676645	22.823881872199	22.4673229500528
D9R894	17.9998679112775	18.1171053180765	NA	18.7014079994215	19.6002686499154	19.7107190063994	20.7032006505992	20.205979338642
D9R895	16.8685814425423	17.1048239523451	16.5379918456723	17.7538826717181	17.6564807286398	18.203520069894	18.3419096739383	NA
D9R896	18.3694354701943	18.3521210361754	17.5174540995336	19.1894722954084	18.5257348973752	18.705024837327	19.549600439476	18.1111050974288
D9R8A0	17.1009292063343	NA	17.087421402953	16.791061114717	NA	18.6203129125393	19.0409692494695	NA
D9R8A2	17.9074188295953	18.8471736009322	18.3272894826101	19.2399061431145	20.9066851190364	21.8895203024867	22.2491041913405	21.4637358896047
D9R8A7	19.898294338042	20.4919900644545	19.3193722338575	20.3674104851334	18.7184994304145	19.468417219745	20.0635530780807	19.168299958849
D9R8B2	NA	15.2606255560682	NA	16.2730670757221	19.3530692702828	19.4339195407522	20.6808024677261	20.0084012648816
D9R8B3	NA	NA	NA	NA	21.6222091479399	22.093166071562	23.5393131360162	22.6857291975723
D9R8C2	18.1277727103818	17.6111545095004	17.9227121472949	18.5851606111321	18.1946991516215	17.7363490766338	18.8000657018061	17.982202602069
D9R8C6	NA	NA	NA	14.9015268861181	17.4315139271998	NA	18.1413587844131	17.4601198853521
D9R8D3	16.0847045990342	16.6329668062968	15.8184573541962	17.182724105622	21.0047718414809	20.6131527647321	22.3363354789364	21.4828630901142
D9R8E1	20.2349109638115	21.1119074189489	21.1159758280172	21.6713734769146	23.1951589067459	23.6932793536875	24.0480996788603	23.1718523651064
D9R8E4	NA	NA	NA	17.9926396610067	18.9878746296561	19.2413733973204	20.4039523590188	20.2415596085842
D9R8E9	NA	NA	NA	NA	NA	17.8629641932361	19.2268684196158	19.5706154628877
D9R8J0	18.2912246698447	19.3829405945091	17.6628213366929	18.8533400173929	18.7306227096137	19.8307751419939	19.8142037938781	19.6093519065709
D9R8J1	20.5366835710136	20.6336941455111	20.3588529154979	20.8243092971035	21.6157140416987	21.9625402117363	22.3258357472874	21.9405931954612
D9R8K4	18.3401282737006	18.9248298971043	NA	18.226797878505	21.1998232885693	21.1000822455217	21.333035208094	22.0728705569494
D9R8L6	17.8289793971353	18.9306449489079	17.9517400392696	19.4151186728064	21.2955245730356	21.9458524399868	22.3715639672474	22.0181825167337
D9R8M7	17.3392584991274	17.2793929416926	16.6034524879042	18.208958268135	19.6243349751296	19.8774159527056	20.37877745748	20.1967653963086
D9R8N2	13.1394394368736	NA	NA	NA	16.4437529709414	16.9372128782526	17.7069815832335	17.0430272835945
D9R8N7	NA	NA	NA	NA	NA	17.8824997661239	17.7081947816575	19.4958394159232
D9R8P0	17.6019013352618	NA	NA	17.5115210381555	19.7625377616358	NA	20.6673506682575	19.7445678003102
D9R8P2	NA	NA	NA	17.9652769980101	20.7487006129933	20.807820281187	21.5392894676235	21.0201172663344
D9R8P4	21.9192532468909	21.1148327471081	21.6694283572443	21.3516466853035	21.9538653556176	NA	22.1622634664461	NA
D9R8P5	NA	NA	NA	18.0937786056385	20.1154044007739	20.3833203843606	20.9822443896413	20.211931059298
D9R8T0	18.769011321097	18.482114671488	19.2141862908055	19.0580657334171	20.8721488017981	21.198504992627	22.468466939561	21.4252159032994
D9R8T6	16.5394769106537	18.7820959865964	17.4289816644956	19.9218409370745	20.0097684892455	19.536949114	20.7874785575224	20.7928093545838
D9R8T9	NA	NA	NA	NA	20.1685203279123	20.687908721576	21.29614100162	21.0760718288167
D9R8V2	23.6003684781558	23.7115636350568	23.2049650997939	24.2506083848867	24.3494885771361	24.6811028369934	24.6648144325485	24.3595769244367
D9R8V3	21.4181799809617	22.1313822324674	21.6954475097758	22.5234394393875	22.7795654758791	23.2714185722088	22.8768953465888	23.6878446649041
D9R8V4	NA	18.3813993098998	19.2547656775635	15.9007253233654	17.0047032739544	20.2028747131215	17.9850414033432	18.9020394170548
D9R8V5	NA	20.0990549592898	19.9877358756246	20.2317508793043	18.6433629968275	20.2178583274583	NA	NA
D9R8V6	19.9503451545034	20.9391946617004	20.3066358113918	21.5670443763373	22.7055227097531	23.4413910690023	23.3597109603025	22.8068964908962
D9R8V8	18.4110474928025	18.0601787212956	18.4170778338557	18.1553123688949	16.6761774768326	18.8064363406039	19.8029706698211	19.4396929307084
D9R8W2	15.9600019320681	16.9228863262244	15.464832882396	15.9942871350118	19.8965068404378	19.8360873492938	20.3007279153887	19.4326152990241
D9R8X2	NA	NA	NA	NA	16.7253396278684	NA	17.8160961608797	17.3053670970578
D9R8X6	14.0543499416855	14.4222619140139	13.3781593597821	16.1164454987004	19.2685145876643	18.9966169213632	20.970285676897	18.8397512409257
D9R8X8	NA	NA	NA	NA	16.8452450072001	16.5740760746491	18.3918812743729	NA
D9R8Y3	NA	NA	NA	NA	18.4908743742314	19.0531675633303	19.3176290088577	18.7950947622683
D9R911	NA	NA	NA	NA	17.2751242069895	16.9135673109175	19.3717979103227	18.1705510353167
D9R971	NA	NA	NA	NA	NA	17.206575616824	17.2460910911158	17.6466712053818
D9R978	20.9239744683558	21.182105758374	21.0292467800316	21.6061196124788	22.9031764970756	23.3075810570539	23.941453158256	23.6598156348477
D9R995	16.2542535919685	19.046788298191	NA	19.5754986231941	22.3355451925351	22.5815978098518	23.4753118920852	22.3484623437473
D9R9C5	NA	NA	NA	17.2579218297976	20.1046960028048	20.5205649713298	22.0100417787029	20.6194355078243
D9R9D0	NA	NA	NA	16.2653403398692	19.0275064881605	18.6570741645506	20.0266152938312	20.0914560480547
D9R9E0	17.4497612478983	16.4585988572292	16.1098510542341	17.9377875884704	21.0582111004423	20.1716996876549	21.8260953395816	20.560482111986
D9R9F0	16.6702413039909	16.4097223996753	NA	17.059281079554	21.1288678402299	21.4723894002303	22.5580777947663	22.1621405112288
D9R9F1	NA	NA	NA	18.3332427201844	21.7001975462442	21.5416071264995	22.4655554445834	22.3436997193374
D9R9F2	NA	NA	NA	NA	18.4139418978564	19.2629757012279	20.4715958385817	NA
D9R9G6	NA	NA	NA	NA	NA	21.4230112406901	22.7111855042559	21.720421297192
D9R9G9	NA	NA	NA	NA	22.397412467283	22.6979941169639	23.6709846627252	22.79685396307
D9R9H0	15.7196829347447	16.3076811056392	15.7631864262935	17.8830370049066	23.2339022445784	24.028252102753	24.912370777439	24.277603540834
D9R9H6	NA	14.788973167277	15.9445976876109	15.7094877364662	20.1666828897005	21.3366351295346	22.6234376864658	22.4103850983736
D9R9H7	17.0252909888515	17.1021602624063	NA	17.3465483596472	20.4248059885244	20.5070745373572	22.219897598052	21.3992654056968
D9R9H8	NA	NA	NA	NA	24.2911600174165	24.5398455722212	25.262162821172	25.30924762833
D9R9I1	20.6989691257702	21.1962851383012	21.0834923123598	21.4979453696453	22.3449189326618	22.2147495482697	23.5879505265352	21.9604559279791
D9R9I4	21.3748038912044	21.9687750565026	20.9050696411408	21.8571882813271	22.7032640290852	23.3693289628641	23.912416464876	23.7156537120589
D9R9L2	NA	NA	NA	NA	17.4539457746007	NA	18.3059014285605	17.461239617672
D9R9S2	NA	NA	NA	NA	16.8816636634979	16.7666841845824	18.6738680336812	NA
D9R9S5	NA	NA	NA	14.8471062966398	17.2140914047493	NA	18.1882894121461	15.3165997382043
D9R9S8	NA	NA	NA	NA	17.0715880565792	16.7041468131183	18.6277760992022	18.1224235953542
D9R9V7	21.8155803069077	21.5787909645155	22.1056873150595	22.4726868733489	23.4216251937885	23.5514510543945	23.5482791329096	23.9250617903826
D9R9W6	NA	15.6503505845915	NA	15.922839880566	16.7375378389229	16.7746841239199	17.8924953837594	15.8487940742812
D9R9W7	19.2499837564427	18.8731857443041	19.1038000381497	19.1637381122722	17.5811564387365	19.7449290734573	18.9175061137184	19.563334080914
D9R9X4	NA	NA	NA	NA	17.6622650364823	18.0831676515936	18.6083414642577	18.3930133096568
D9R9X7	17.3544043613901	16.8872682220958	17.4619589869419	18.3106127816595	18.953076723943	19.8159711223079	21.2354369722586	20.0511239540195
D9R9Z3	20.6604903966115	21.0400595719164	20.1311938049819	21.3872705950343	22.9079322050569	23.2307106344306	23.8508132953406	23.8905967882679
D9R9Z5	NA	NA	NA	NA	NA	19.5888975956526	20.5321237883304	20.0547049961802
D9R9Z6	18.7550244702883	19.5237074310898	18.7697539215351	18.9019805147136	20.2455109266165	21.1924373079399	21.8139377251553	21.763810490695
D9R9Z7	NA	NA	17.4049087087127	NA	20.2733266544029	19.6577371277098	20.5197015129255	21.620554552761
D9R9Z8	NA	NA	NA	NA	21.5600155676489	22.0618075701766	23.4819767625415	21.6195698390562
D9RA08	18.5603701551039	18.6909801018888	NA	19.6465833192351	19.9159756346348	20.3985349535973	21.9299446237624	20.3636727927929
D9RA10	NA	NA	NA	NA	21.9543979709155	22.5660224402104	23.0974001330382	22.3776659616584
D9RA22	NA	15.123596041612	NA	16.0771495155897	17.5848304119987	18.6279185594612	19.8393052978486	19.2748285611081
D9RA23	17.6053058841729	17.4204537162668	16.9259020911964	19.5053114789191	17.5616757784443	19.2297107065277	19.8865837257612	18.990785385878
D9RA27	NA	NA	NA	NA	16.3568302016593	17.5843166186384	18.2615532190826	17.3687110652437
D9RA39	NA	NA	NA	NA	NA	19.8386592047759	20.0360394270871	19.8061688353738
D9RA41	15.5986631893566	NA	NA	15.9166492454681	NA	16.4331289849426	18.2503076716164	15.4733252418918
D9RA89	16.4734996537247	17.3275526440812	16.6610821858194	NA	20.1208554759078	20.8927473531209	20.7291626597663	20.5138355226747
D9RA90	NA	NA	NA	NA	21.353478542419	22.6549742254145	21.9741778894378	20.3156183761193
D9RA96	21.2748626771866	22.2594570920908	20.8416871877869	22.770721956714	24.3454334024221	24.9594745658941	25.3085534575805	24.9377768147597
D9RA99	NA	NA	NA	NA	16.5137275959524	16.9751090602149	17.6976463457268	17.5127558919544
D9RAA0	NA	NA	NA	NA	18.1391616090274	14.9885959355777	17.8206526679223	16.9963410767244
D9RAA3	16.4810110306183	NA	15.8304656902347	16.1778671961032	18.1471850464014	18.9767039560306	18.2513714525716	18.0588584665767
D9RAA4	19.137186290327	19.22244116531	19.0636583996635	19.574519616887	22.7465700848847	22.7478815514061	24.0841576386113	23.5920637012127
D9RAB0	19.9020246916949	20.2424903045545	19.678964562816	20.3708193504356	22.3044928157116	22.5098793621729	23.7830677717854	23.237889145723
D9RAB7	18.048039794046	18.8218051171457	18.1267145542525	19.4946681119367	24.0100930147133	24.9604028984431	25.6615019478903	24.5407916405634
D9RAB8	NA	NA	NA	NA	17.8790926001008	NA	18.8291652675323	17.4984908562041
D9RAB9	16.8727950998483	18.8453981644177	17.1849528051242	17.3353380113837	22.7858036480903	21.66109958771	23.7313811862395	22.7306973315566
D9RAC0	17.8302180810277	18.955065237881	18.0091397269602	19.137486513002	20.6528099693009	20.7500101450883	22.1964352361031	21.2211079746702
D9RAC5	18.0954794413159	18.9087971960885	18.2814320229196	18.6741094918053	18.2482240896685	16.9075948646198	19.3841429195465	18.2171720116148
D9RAC7	NA	17.6125949719443	NA	17.4407069850419	22.2751753703191	21.2402206803759	23.017876792633	22.8547367700408
D9RAC9	15.2891183219287	NA	15.3358788006992	16.1473043135381	16.7287974163104	NA	NA	NA
D9RAD3	15.409158866341	NA	16.0875664317867	17.0468682133497	17.9923630547898	17.9160777171013	19.3171652653364	18.7700121277669
D9RAE9	20.054572523379	20.7858036480903	20.5106521482863	20.9293306571805	22.0378163724359	21.9007282711031	23.1335317037397	22.3819484493952
D9RAG1	17.7558394877893	17.4362398047099	16.7302578356548	17.3369946281177	16.2742507396508	NA	NA	NA
D9RAG3	20.9957616312517	21.9070520209587	21.3984827642927	22.1616485855431	22.0336891588659	21.894450696967	22.6029751787306	22.4824446143923
D9RAG5	22.2564943533795	22.3042978399839	22.4514375215099	22.5967111666358	23.3174137179038	21.338866929428	23.7611137310158	21.6600551025669
D9RAG6	19.980362749585	18.7233076392275	19.1324746268377	20.4491970181911	19.7475701860378	18.9680367363935	21.2593708847007	18.5654740124264
D9RAG8	22.5491726755198	23.0046347031689	22.3783276694667	23.0248244899906	22.8628734129748	23.2160827025684	23.1084817047472	23.2920733156639
D9RAH8	20.4261377859228	21.0430005746862	20.2540736268431	21.1218673609508	22.2788373590482	21.6359979214007	23.1866613624353	22.3366623674122
D9RAJ4	NA	18.3026924669983	18.6807509695719	20.2855692881287	20.4329822362	20.7384287682675	21.9471018202886	21.170416558762
D9RAJ5	15.0609913972538	14.908533355491	14.1586885735819	16.1811134241121	NA	NA	NA	NA
D9RAL1	NA	NA	NA	20.0400595719164	20.8322904968883	21.50237148942	21.4521668221954	NA
D9RAR7	NA	13.9249980234467	NA	16.9490059354048	20.2847789249482	21.5192215904165	20.9824533093493	19.8374123504391
D9RAR8	16.5926176262641	16.8773560363885	17.1082998349357	17.6796175448484	19.7636565258632	20.3226763692988	21.7632026391737	21.126790162577
D9RAS0	NA	NA	NA	15.1369510722528	17.2733949568202	17.447503003858	18.4587590409901	17.8412572018222
D9RAS1	NA	NA	NA	NA	NA	18.2421878942157	18.8553795068661	18.6748680972124
D9RAS2	NA	15.2308460552402	15.4204537162668	NA	17.8540404656824	18.5802732912065	18.7693342378208	19.0492902052058
D9RAS8	NA	NA	NA	NA	17.7403078142523	NA	19.227949618296	18.403411532981
D9RAT3	14.7332272178516	15.4244615700828	14.9775929743943	15.5257043152802	17.7816798784226	17.3783964696587	19.9537588089582	18.8501685205387
D9RAT7	NA	NA	NA	NA	19.7730103889116	20.1437020768579	20.8461330928181	20.6424466195201
D9RAU5	NA	NA	NA	NA	16.9833721968155	NA	18.494629052088	16.4413880293467
D9RAV1	NA	NA	NA	NA	NA	18.3543182637539	19.5628312017772	19.6958297875413
D9RAW5	15.4458231599161	17.7890241287931	17.7685591162221	19.7194021910521	22.0062795031657	21.9278488383823	21.7001552043251	23.0391225396138
D9RAX2	20.3436455081569	19.8879821330585	19.5663105136557	21.088288768976	22.1282700275443	22.3517545060159	23.3442146239793	22.6059614234718
D9RAX7	NA	NA	NA	NA	17.2763061850314	17.3396064718837	19.5591940829969	18.2182604987973
D9RAX8	17.709137675607	16.8652016333372	17.3505248719545	18.4909526964377	20.314401798528	19.5815058686708	22.6846595996223	20.9149544124983
D9RAY0	16.6950651306895	17.2173140347859	16.9364078991327	18.2642593193979	21.8729754104333	21.2177991751574	22.6905112861965	21.625155884727
D9RAY2	NA	NA	NA	NA	17.3601612296191	18.3503953758029	18.6262081072042	17.528179366948
